watch,2.2108,4.4438,8.1307,8.0634,16.1605,10.2858,18.3538,2.0000,0.5930
watch,2.0495,4.1251,7.4584,7.5104,14.9948,9.5741,17.3086,3.0000,0.3522
lock,1.9450,4.3800,5.5386,5.5800,11.1440,7.8113,11.9745,0.0000,0.5265
lock,2.6678,5.8803,8.6827,8.5962,17.2360,11.5364,-18.6836,0.0000,0.5294
case,3.1939,9.9988,11.7507,11.7190,23.4549,17.2226,-24.6058,1.0000,0.8065
case,3.1962,9.8522,14.5207,14.0206,28.3330,-19.9603,28.6696,1.0000,0.8799
ball,2.5226,8.8252,11.1439,10.3386,21.5189,-15.5325,-21.1107,1.0000,0.6590
ball,3.1988,9.4043,13.1878,13.5240,-26.8871,-18.4476,-27.6204,0.0000,0.7769
phone,3.0684,6.5170,12.6789,14.0863,-27.4886,-17.3556,28.0000,2.0000,0.8676
phone,3.0740,6.5439,11.5732,12.6428,25.1948,16.5300,24.7808,1.0000,0.6960
glove,2.9645,6.6962,9.1638,9.5970,19.0125,13.0697,19.3902,0.0000,0.6808
glove,3.0204,7.1092,10.0535,10.3629,20.6393,-13.9575,20.8560,1.0000,0.5769
charger,2.4906,5.8218,7.5911,6.9635,-17.1468,9.9568,14.2408,0.0000,0.5398
charger,2.4058,6.0276,7.4497,7.3010,-14.8906,10.3262,-14.7776,0.0000,0.5528
key,1.1850,2.5365,2.9752,2.9866,5.9683,4.2552,-7.1667,1.0000,0.4329
key,1.8852,3.8937,5.0800,5.1104,10.2056,7.0572,-11.9946,1.0000,0.2265
pen,1.6187,3.3886,6.4180,5.9777,12.6096,7.8804,-12.2072,12.0000,0.4049
pen,1.3600,3.0269,4.8809,4.8795,9.8944,6.8682,-9.9273,12.0000,0.3611
spoon,2.1690,4.4439,7.1094,6.7587,13.7017,8.9905,14.3881,4.0000,0.3320
spoon,2.3839,4.8056,7.6083,7.6857,15.3327,10.0885,-18.2214,4.0000,0.4003
